2
8
1517
23
8
1
3
12
2
10
1
10
11
2
2
38
4
1
2
44
3
1
1
2
2
4
1
6
5
21
26
10
45
1
2
3
54
1
94
2
65
132
145
21
6
23
17
244
76
255
48
5
6
100
6
226
890
130
2
95
6
96
54
518
213
23
260
175
73
93
234
211
6
111
1
178
34
26
129
32
1
37
2
4
6
2
93
231
1
4
6
2
6
2
4
17
128
28
104
30
66
236
222
2
22
2
10
8
10
23
16
1
1
1
2
1
2
3
16
95
11
93
18
86
13
22
12
52
58
95
80
12
138
6
6
37
6
2
2
1
5
2
27
2
2
2
12
24
43
57
35
22
3
4
2
20
54
2
6
2
162
249
9
10
2
3
17
19
2
2
48
1
859
1349
60
1572
1
2
16
4
2
1
1
29
77
130
2
4
116
130
157
131
60
37
133
225
2
5
4
7
38
46
2
1
311
153
262
325
2
48
2
2
83
2
73
2
2
74
4
1
1
33
134
4
77
1
2
1
2
2
8
59
36
2
2
2
2
8
2
4
1
2
1
3
105
1
90
1
4
27
35
53
102
1
2
5
2
4
66
4
4
2
2
73
8
1
2
15
1
2
57
111
61
6
60
18
1
18
36
2
5
3
1
3
2
2
2
2
2
26
26
2
2
9
24
2
16
22
44
4
4
51
2
2
74
75
75
2
51
39
39
40
39
39
2
40
84
39
1
83
74
39
2
2
2
45
73
2
124
25
14
50
21
4
4
2
4
4
10
1
1
2
2
6
2
6
1
4
2
2
37
64
4
4
78
3
2
2
75
4
2
6
2
73
52
4
51
1
2
31
61
7
5
7
3
6
5
1
2
19
8
7
1
10
2
2
4
2
465
278
2
2
29
5
7
2
2
9
4
3
2
1
2
3
1
2
1
2
1
20
2
14
2
8
6
38
38
2
9
8
4
4
1
2
2
56
1
2
2
24
3
5
2
2
4
1
7
6
2
127
95
2
2
1
1
1
3
5
15
4
5
3
1
4
3
3
2
2
2
2
6
187
83
64
122
4
2
2
44
6
5
37
74
1
1
5
37
74
249
102
94
147
2
107
2
2
2
2
3
21
2
2
2
2
2
2
1
62
2
88
2
2
2
1
1
2
28
2
1
3
1
4
1
2
78
78
77
147
4
1
1
1
1
81
78
77
1
2
1
2
29
1
1
99
2
2
2
1
4
48
2
4
1
8
2
10
3
1
2
2
39
4
2
47
6
2
5
2
2
2
4
34
4
1
21
15
4
34
16
6
2
1
6
32
42
360
1
10
6
2
5
12
245
4
134
2
63
4
2
12
80
80
44
7
6
3
1
4
1
2
1
4
2
1
2
2
1
2
2
4
6
2
3
3098
2323
96
53
3
2
3
16
6
79
3
4
7
24
37
9
5
17
49
4
29
7
1
1
2
6
2
2
8
2
6
253
2
1
81
6
5
6
55
2
2
36
2
85
51
1
45
69
3
92
91
90
1
2
1
1
1
2
2
1
2
1
1
2
6
3
59
2
2
62
58
57
2
10
4
18
18
40
12
34
2
2
4
50
117
